#!/usr/bin/env python3
# -*- coding: utf-8 -*-
"""
Created on Fri Jun 10 10:30:11 2022

@author: donald
"""
# frame (index 0)
poseidon_object.allMoleculeList[1012][0] == 3
poseidon_object.allMoleculeList[8157][0] == 10
poseidon_object.allMoleculeList[7065][0] == 9
poseidon_object.allMoleculeList[5580][0] == 8
poseidon_object.allMoleculeList[3303][0] == 5

# atom name (index 1)
poseidon_object.allMoleculeList[916][1] == 'CH3'
poseidon_object.allMoleculeList[4584][1] == 'CA'
poseidon_object.allMoleculeList[2093][1] == 'O'
poseidon_object.allMoleculeList[8641][1] == 'O'
poseidon_object.allMoleculeList[5221][1] == 'O'

[
 (0, 9),
 (1, 916), 
 (2, 4584), 
 (3, 2093), 
 (4, 8641), 
 (5, 5221)
]

[
 poseidon_object.allMoleculeList[9],
 poseidon_object.allMoleculeList[916],
 poseidon_object.allMoleculeList[4584],
 poseidon_object.allMoleculeList[2093],
 poseidon_object.allMoleculeList[8641],
 poseidon_object.allMoleculeList[5221],
]

[[2,
  'CZ',
  21,
  'ARG',
  2,
  [3, 0],
  [6, 8, 10, 13, 16, 19, 21, 22, 25, 28, 29],
  ['O', 'WAT', 240, 3.307],
  1,
  (['0', 'X'], [], []),
  None,
  None,
  None,
  array([[ 14.508, -29.179, -13.636],
         [-29.179,  58.689,  27.426],
         [-13.636,  27.426,  12.816]]),
  array([[0., 0., 0.],
         [0., 0., 0.],
         [0., 0., 0.]]),
  None,
  None,
  None,
  [['CD', 2, 'ARG'], ['O', 240, 'WAT']]],
 [3,
  'CH3',
  1,
  'ACE',
  1,
  [1, 3],
  [1, 4, 5],
  ['N', 'ARG', 2, 2.428],
  1,
  (['0', '1', 'WAT_O', 'WAT_O', 'WAT_O', 'WAT_O', 'WAT_O'], [], []),
  array([[ 0.258, -0.   ,  0.206],
         [-0.   ,  0.   , -0.   ],
         [ 0.206, -0.   ,  0.165]]),
  array([[ 4.133,  1.435, -6.39 ],
         [ 1.435,  0.498, -2.219],
         [-6.39 , -2.219,  9.882]]),
  None,
  array([[ 2.000e-03,  6.400e-02, -1.420e-01],
         [ 6.400e-02,  1.845e+00, -4.090e+00],
         [-1.420e-01, -4.090e+00,  9.066e+00]]),
  array([[ 0.657,  5.304,  4.153],
         [ 5.304, 42.808, 33.517],
         [ 4.153, 33.517, 26.243]]),
  [],
  array([[  0.,   0.,  -1.,   0.,  -0.,   1.,  -0.,  -0.,  -0.],
         [  0.,   7., -16.,  12.,  -2.,  32.,  -6.,  -6.,  -8.],
         [ -1., -16.,  36., -27.,   4., -70.,  14.,  13.,  17.],
         [  0.,  12., -27.,  20.,  -3.,  51., -10.,  -9., -13.],
         [ -0.,  -2.,   4.,  -3.,   0.,  -7.,   1.,   1.,   2.],
         [  1.,  32., -70.,  51.,  -7., 134., -26., -24., -33.],
         [ -0.,  -6.,  14., -10.,   1., -26.,   5.,   5.,   6.],
         [ -0.,  -6.,  13.,  -9.,   1., -24.,   5.,   4.,   6.],
         [ -0.,  -8.,  17., -13.,   2., -33.,   6.,   6.,   8.]]),
  array([[ 0.657,  5.304,  4.153,  0.   ,  0.   ,  0.   ,  0.   ,  0.   ,
           0.   ],
         [ 5.304, 42.808, 33.517,  0.   ,  0.   ,  0.   ,  0.   ,  0.   ,
           0.   ],
         [ 4.153, 33.517, 26.243,  0.   ,  0.   ,  0.   ,  0.   ,  0.   ,
           0.   ],
         [ 0.   ,  0.   ,  0.   ,  0.   ,  0.   ,  0.   ,  0.   ,  0.   ,
           0.   ],
         [ 0.   ,  0.   ,  0.   ,  0.   ,  0.   ,  0.   ,  0.   ,  0.   ,
           0.   ],
         [ 0.   ,  0.   ,  0.   ,  0.   ,  0.   ,  0.   ,  0.   ,  0.   ,
           0.   ],
         [ 0.   ,  0.   ,  0.   ,  0.   ,  0.   ,  0.   ,  0.   ,  0.   ,
           0.   ],
         [ 0.   ,  0.   ,  0.   ,  0.   ,  0.   ,  0.   ,  0.   ,  0.   ,
           0.   ],
         [ 0.   ,  0.   ,  0.   ,  0.   ,  0.   ,  0.   ,  0.   ,  0.   ,
           0.   ]]),
  [['O', 1, 'ACE'],
   ['N', 2, 'ARG'],
   ['O', 817, 'WAT'],
   ['O', 61, 'WAT'],
   ['O', 539, 'WAT'],
   ['O', 341, 'WAT'],
   ['O', 315, 'WAT']]],
 [7,
  'CA',
  8,
  'ARG',
  2,
  [3, 1],
  [6, 8, 10, 13, 16, 19, 21, 22, 25, 28, 29],
  ['C', 'ACE', 1, 2.484],
  1,
  (['0', 'NME_N', 'WAT_O', 'X', 'X'], [], []),
  None,
  None,
  None,
  array([[ 5.057, 16.631, 18.57 ],
         [16.631, 54.691, 61.068],
         [18.57 , 61.068, 68.188]]),
  array([[17.433, 14.215, 33.262],
         [14.215, 11.59 , 27.121],
         [33.262, 27.121, 63.463]]),
  None,
  None,
  None,
  [['C', 1, 'ACE'],
   ['O', 2, 'ARG'],
   ['N', 3, 'NME'],
   ['CG', 2, 'ARG'],
   ['O', 422, 'WAT']]],
 [4,
  'O',
  771,
  'WAT',
  249,
  [0, 2],
  [771],
  [],
  2,
  ([], [], []),
  array([[ 0.009,  0.027, -0.004],
         [ 0.027,  0.076, -0.01 ],
         [-0.004, -0.01 ,  0.001]]),
  array([[ 0.459,  0.477, -0.352],
         [ 0.477,  0.496, -0.365],
         [-0.352, -0.365,  0.269]]),
  None,
  array([[ 0.009,  0.027, -0.004],
         [ 0.027,  0.076, -0.01 ],
         [-0.004, -0.01 ,  0.001]]),
  array([[ 0.459,  0.477, -0.352],
         [ 0.477,  0.496, -0.365],
         [-0.352, -0.365,  0.269]]),
  None,
  array([[ 0.009,  0.027, -0.004],
         [ 0.027,  0.076, -0.01 ],
         [-0.004, -0.01 ,  0.001]]),
  array([[ 0.459,  0.477, -0.352],
         [ 0.477,  0.496, -0.365],
         [-0.352, -0.365,  0.269]]),
  []],
 [11,
  'O',
  1179,
  'WAT',
  385,
  [0, 2],
  [1179],
  [],
  2,
  ([], [], []),
  array([[0.   , 0.   , 0.   ],
         [0.   , 0.351, 0.102],
         [0.   , 0.102, 0.03 ]]),
  array([[ 0.77 ,  0.908, -1.873],
         [ 0.908,  1.07 , -2.208],
         [-1.873, -2.208,  4.557]]),
  None,
  array([[0.   , 0.   , 0.   ],
         [0.   , 0.351, 0.102],
         [0.   , 0.102, 0.03 ]]),
  array([[ 0.77 ,  0.908, -1.873],
         [ 0.908,  1.07 , -2.208],
         [-1.873, -2.208,  4.557]]),
  None,
  array([[0.   , 0.   , 0.   ],
         [0.   , 0.351, 0.102],
         [0.   , 0.102, 0.03 ]]),
  array([[ 0.77 ,  0.908, -1.873],
         [ 0.908,  1.07 , -2.208],
         [-1.873, -2.208,  4.557]]),
  []],
 [7,
  'O',
  1911,
  'WAT',
  629,
  [0, 2],
  [1911],
  [],
  2,
  ([], [], []),
  array([[0.024, 0.05 , 0.223],
         [0.05 , 0.103, 0.459],
         [0.223, 0.459, 2.037]]),
  array([[ 2.0345e+01, -4.8700e-01, -1.1815e+01],
         [-4.8700e-01,  1.2000e-02,  2.8300e-01],
         [-1.1815e+01,  2.8300e-01,  6.8610e+00]]),
  None,
  array([[0.024, 0.05 , 0.223],
         [0.05 , 0.103, 0.459],
         [0.223, 0.459, 2.037]]),
  array([[ 2.0345e+01, -4.8700e-01, -1.1815e+01],
         [-4.8700e-01,  1.2000e-02,  2.8300e-01],
         [-1.1815e+01,  2.8300e-01,  6.8610e+00]]),
  None,
  array([[0.024, 0.05 , 0.223],
         [0.05 , 0.103, 0.459],
         [0.223, 0.459, 2.037]]),
  array([[ 2.0345e+01, -4.8700e-01, -1.1815e+01],
         [-4.8700e-01,  1.2000e-02,  2.8300e-01],
         [-1.1815e+01,  2.8300e-01,  6.8610e+00]]),
  []]]